Sr.,Conversion Rate,Number of visits,device type,Ad Campaign Clicks,Time Spent on Website (Minutes),Page Load Time (Seconds)
1,0.5,64,Tablet,1.0354368902409266,1.151402214711968,1.0224643095611532
2,0.55,66,Computer,1.196898377149723,1.4636810306006032,1.4065650036944024
3,0.42,44,Computer,0.3357704469694754,0.21456576704606237,0.13802192175433134
4,0.42,44,Computer,0.3357704469694754,0.21456576704606237,0.1430758782560845
5,0.43,49,Tablet,0.38959094260574084,0.37070517499037997,0.2542629212946567
6,0.43,49,Mobile,0.44341143824200635,0.37070517499037997,0.27953270380342343
7,0.32,19,Mobile,-0.8482804570283652,-0.9564797925363197,-0.8525535525893088
8,0.28,13,Tablet,-1.6017673959360819,-1.5029677203414311,-1.3832189852734023
9,0.46,59,Computer,0.7125139164233337,0.6829839908790152,0.6585794414349185
10,0.36,28,Mobile,-0.36389599630197583,-0.409991864731208,-0.40275142393326846
11,0.48,61,Tablet,0.7663344120595992,0.8391233988233328,0.8152520929892692
12,0.42,47,Tablet,0.3357704469694754,0.21456576704606237,0.16329170426309803
13,0.45,57,Mobile,0.6586934207870683,0.6829839908790152,0.6029859199156329
14,0.33,20,Computer,-0.7944599613920996,-0.8784100885641608,-0.7919060745682699
15,0.43,50,Tablet,0.4972319338782718,0.44877487896253876,0.2845866603051766
16,0.12,11,Tablet,-2.624356813025126,-2.283664760063019,-1.9492621134697679
17,0.33,21,Computer,-0.7944599613920996,-0.8784100885641608,-0.7767442050630096
18,0.31,19,Tablet,-0.9021009526646306,-1.1126192004806372,-0.8677154220945691
19,0.44,54,Computer,0.6048729251508028,0.5268445829346976,0.49179887687705975
20,0.09,10,Mobile,-2.893459291206453,-2.439804168007337,-2.737679327743278
21,0.29,14,Computer,-1.3326649177547545,-1.4248980163692724,-1.1557909426945046
22,0.35,25,Tablet,-0.4715369875745068,-0.5661312726755257,-0.5291003364771002
23,0.34,23,Tablet,-0.6868189701195687,-0.8003403845920021,-0.690826944533204
24,0.39,34,Mobile,0.012847473151882515,-0.09771304884257283,-0.26629459838592956
25,0.29,16,Mobile,-1.278844422118489,-1.3468283123971136,-1.1557909426945046
26,0.39,34,Computer,0.012847473151882515,-0.09771304884257283,-0.2612406418841764
27,0.43,50,Computer,0.4972319338782718,0.44877487896253876,0.30985644281394237
28,0.33,21,Computer,-0.7944599613920996,-0.8784100885641608,-0.7565283790559969
29,0.4,36,Tablet,0.12048846442441347,-0.019643344870414036,-0.16521546835086456
30,0.39,35,Tablet,0.066667968788148,-0.09771304884257283,-0.25618668538242323
31,0.3,16,Computer,-1.1173829352096925,-1.190688904452796,-1.100197421175219
32,0.4,37,Tablet,0.12048846442441347,-0.019643344870414036,-0.13994568584209788
33,0.48,61,Computer,0.7663344120595992,0.9171931027954916,0.8253600059927755
34,0.46,59,Computer,0.7125139164233337,0.7610536948511739,0.6787952674419312
35,0.44,54,Mobile,0.6048729251508028,0.5268445829346976,0.49179887687705975
36,0.5,64,Computer,1.0892573858771921,1.2294719186841268,1.0477340920699199
37,0.49,62,Computer,0.8739754033321302,1.073332510739809,0.9264391360278423
38,0.43,51,Computer,0.4972319338782718,0.44877487896253876,0.3149103993156964
39,0.54,66,Mobile,1.196898377149723,1.4636810306006032,1.3459175256733626
40,0.43,51,Mobile,0.5510524295145373,0.44877487896253876,0.3452341383262154
41,0.45,59,Computer,0.6586934207870683,0.6829839908790152,0.6080398764173851
42,0.39,36,Tablet,0.066667968788148,-0.09771304884257283,-0.23091690287365654
43,0.39,36,Computer,0.066667968788148,-0.019643344870414036,-0.2208089898701502
44,0.34,23,Computer,-0.6868189701195687,-0.8003403845920021,-0.6807190315296977
45,0.35,25,Mobile,-0.4715369875745068,-0.4880615687033668,-0.5291003364771002
46,0.61,70,Computer,2.650051759328891,2.32244777429435,3.2613670398378507
47,0.32,19,Mobile,-0.8482804570283652,-0.9564797925363197,-0.8474995960875555
48,0.38,31,Mobile,-0.2024345093931794,-0.33192216075904923,-0.3370499894104756
49,0.36,28,Computer,-0.25625500502944487,-0.409991864731208,-0.38758955442800813
50,0.34,23,Mobile,-0.6868189701195687,-0.8003403845920021,-0.6453413360174247
51,0.42,48,Tablet,0.3357704469694754,0.21456576704606237,0.17845357376835752
52,0.48,61,Tablet,0.7663344120595992,0.9171931027954916,0.8304139624945296
53,0.55,67,Computer,1.2507188727859886,1.4636810306006032,1.4773203947189484
54,0.42,49,Computer,0.3357704469694754,0.21456576704606237,0.18856148677186474
55,0.33,22,Computer,-0.7944599613920996,-0.8784100885641608,-0.7312585965472302
56,0.37,29,Computer,-0.25625500502944487,-0.33192216075904923,-0.36737372842099547
57,0.44,55,Computer,0.6048729251508028,0.5268445829346976,0.5069607463823201
58,0.35,25,Tablet,-0.4177164919382413,-0.4880615687033668,-0.49372264096482715
59,0.49,63,Computer,0.8739754033321302,1.073332510739809,0.9517089185366072
60,0.41,39,Mobile,0.17430896006067895,0.13649606307390355,-0.043920512308786026
61,0.46,60,Computer,0.7125139164233337,0.7610536948511739,0.7242808759577105
62,0.34,23,Tablet,-0.6868189701195687,-0.7222706806198432,-0.6402873795156715
63,0.32,20,Tablet,-0.8482804570283652,-0.9564797925363197,-0.8424456395858024
64,0.43,51,Mobile,0.5510524295145373,0.5268445829346976,0.3603960078314758
65,0.54,66,Mobile,1.196898377149723,1.4636810306006032,1.3964570906908962
66,0.58,68,Tablet,1.6274623422398469,1.6978901425170796,2.2556296959889512
67,0.48,61,Tablet,0.7663344120595992,0.9952628067676503,0.8405218754980359
68,0.58,68,Tablet,1.9503853160574398,1.854029550461397,2.3213311305117434
69,0.43,51,Computer,0.5510524295145373,0.5268445829346976,0.38566579034024157
70,0.48,61,Computer,0.8201549076958647,0.9952628067676503,0.8556837450032962
71,0.31,19,Tablet,-0.9021009526646306,-1.0345494965084785,-0.8626614655928151
72,0.35,25,Mobile,-0.4177164919382413,-0.4880615687033668,-0.4735068149578136
73,0.39,36,Tablet,0.066667968788148,-0.019643344870414036,-0.21575503336839708
74,0.56,68,Tablet,1.304539368422254,1.541750734572762,1.633993046273299
75,0.55,67,Computer,1.304539368422254,1.4636810306006032,1.5581836987470008
76,0.49,63,Computer,0.8739754033321302,1.073332510739809,0.9870866140488802
77,0.5,65,Computer,1.0892573858771921,1.2294719186841268,1.052788048571674
78,0.56,68,Mobile,1.304539368422254,1.6198204385449206,1.669370741785572
79,0.47,61,Computer,0.7663344120595992,0.7610536948511739,0.7849283539787503
80,0.34,23,Mobile,-0.6329984744833033,-0.6442009766476844,-0.5998557275016453
81,0.49,64,Tablet,0.9277958989683956,1.073332510739809,0.9971945270523865
82,0.42,49,Computer,0.38959094260574084,0.2926354710182212,0.21383126928063054
83,0.38,33,Tablet,-0.1486140137569139,-0.25385245678689045,-0.3319960329087224
84,0.39,36,Mobile,0.066667968788148,-0.019643344870414036,-0.19553920736138442
85,0.59,68,Computer,2.0042058116937054,1.932099254433556,2.3263850870134974
86,0.38,33,Computer,-0.1486140137569139,-0.25385245678689045,-0.32188811990521615
87,0.33,22,Computer,-0.7406394657558342,-0.8003403845920021,-0.7110427705402176
88,0.42,49,Computer,0.38959094260574084,0.2926354710182212,0.2188852257823837
89,0.56,68,Tablet,1.412180359694785,1.6198204385449206,1.7199103068031036
90,0.6,70,Computer,2.0580263073299707,1.932099254433556,2.4325181735503145
91,0.5,65,Computer,1.0892573858771921,1.3075416226562855,1.0730038745786867
92,0.34,23,Computer,-0.6329984744833033,-0.6442009766476844,-0.5998557275016453
93,0.43,51,Computer,0.5510524295145373,0.5268445829346976,0.3957737033437479
94,0.41,40,Mobile,0.17430896006067895,0.13649606307390355,-0.023704686301773383
95,0.34,24,Computer,-0.6329984744833033,-0.6442009766476844,-0.5998557275016453
96,0.26,12,Tablet,-1.7632288828448783,-1.5029677203414311,-1.5702153758382729
97,0.38,34,Computer,-0.1486140137569139,-0.17578275281473163,-0.31178020690170893
98,0.32,20,Computer,-0.8482804570283652,-0.9564797925363197,-0.8222298135787889
99,0.32,20,Tablet,-0.7944599613920996,-0.8784100885641608,-0.7919060745682699
100,0.41,41,Mobile,0.17430896006067895,0.13649606307390355,0.021780922214006855
101,0.41,41,Tablet,0.22812945569694443,0.13649606307390355,0.06221257422803304
102,0.46,60,Tablet,0.7663344120595992,0.7610536948511739,0.7444967019647232
103,0.6,70,Tablet,2.327128785511298,1.932099254433556,2.7812411721712906
104,0.36,28,Tablet,-0.25625500502944487,-0.409991864731208,-0.37242768492274864
105,0.42,49,Tablet,0.38959094260574084,0.37070517499037997,0.22899313878589003
106,0.51,65,Computer,1.1430778815134575,1.3856113266284444,1.1690290481119976
107,0.28,13,Tablet,-1.494126404663551,-1.4248980163692724,-1.3630031592663887
108,0.39,36,Computer,0.066667968788148,-0.019643344870414036,-0.1854312943578772
109,0.49,64,Tablet,1.0354368902409266,1.151402214711968,0.9971945270523865
110,0.27,13,Tablet,-1.7632288828448783,-1.5029677203414311,-1.4944060283119736
111,0.39,36,Computer,0.066667968788148,-0.019643344870414036,-0.1753233813543709
112,0.35,25,Mobile,-0.36389599630197583,-0.4880615687033668,-0.46339890195430733
113,0.33,22,Computer,-0.7406394657558342,-0.8003403845920021,-0.7110427705402176
114,0.41,41,Tablet,0.22812945569694443,0.13649606307390355,0.06221257422803304
115,0.43,52,Computer,0.6048729251508028,0.5268445829346976,0.40082765984550195
116,0.34,24,Mobile,-0.5253574832107722,-0.6442009766476844,-0.5644780319893723
117,0.44,56,Computer,0.6048729251508028,0.6049142869068563,0.5170686593858265
118,0.33,22,Computer,-0.7406394657558342,-0.8003403845920021,-0.7059888140384644
119,0.34,24,Tablet,-0.4715369875745068,-0.6442009766476844,-0.5493161624841129
120,0.48,62,Computer,0.8201549076958647,1.073332510739809,0.8556837450032962
121,0.41,41,Computer,0.22812945569694443,0.21456576704606237,0.07232048723153936
122,0.38,34,Computer,-0.1486140137569139,-0.17578275281473163,-0.2865104243929431
123,0.34,24,Computer,-0.4715369875745068,-0.6442009766476844,-0.5493161624841129
124,0.28,13,Computer,-1.494126404663551,-1.4248980163692724,-1.2619240292313236
125,0.24,11,Mobile,-2.193792847935002,-1.58103742431359,-1.6005391148487926
126,0.4,37,Mobile,0.12048846442441347,0.05842635910174476,-0.09951403382807168
127,0.3,17,Mobile,-1.063562439573427,-1.190688904452796,-0.9991182911401539
128,0.25,12,Computer,-1.7632288828448783,-1.58103742431359,-1.5954851583470395
129,0.4,37,Computer,0.12048846442441347,0.05842635910174476,-0.08940612082456537
130,0.27,13,Computer,-1.7094083872086128,-1.5029677203414311,-1.4893520718102204
131,0.4,37,Mobile,0.12048846442441347,0.05842635910174476,-0.06413633831579867
132,0.41,42,Computer,0.2819499513332099,0.21456576704606237,0.10264422624205832
133,0.3,17,Mobile,-1.063562439573427,-1.190688904452796,-0.9738485086313873
134,0.52,65,Computer,1.196898377149723,1.4636810306006032,1.3004319171575833
135,0.29,16,Computer,-1.2250239264822236,-1.268758608424955,-1.1406290731892452
136,0.53,65,Tablet,1.196898377149723,1.4636810306006032,1.3155937866628438
137,0.3,17,Tablet,-1.0097419439371615,-1.1126192004806372,-0.9182549871121016
138,0.3,18,Mobile,-1.0097419439371615,-1.1126192004806372,-0.9182549871121016
139,0.3,19,Tablet,-0.9559214483008961,-1.1126192004806372,-0.8980391611050881
140,0.38,34,Mobile,-0.1486140137569139,-0.17578275281473163,-0.26629459838592956
141,0.4,38,Mobile,0.12048846442441347,0.05842635910174476,-0.05402842531229234
142,0.22,11,Computer,-2.301433839207533,-1.971385944174384,-1.9037765049539885
143,0.22,11,Tablet,-2.2476133435712677,-1.58103742431359,-1.752157809901391
144,0.37,29,Computer,-0.2024345093931794,-0.33192216075904923,-0.35726581541748825
145,0.28,14,Tablet,-1.4403059090272854,-1.4248980163692724,-1.2316002902208039
146,0.43,53,Computer,0.6048729251508028,0.5268445829346976,0.4058816163472551
147,0.37,30,Tablet,-0.2024345093931794,-0.33192216075904923,-0.34210394591222876
148,0.48,62,Tablet,0.8201549076958647,1.073332510739809,0.8860074840138152
149,0.35,26,Mobile,-0.36389599630197583,-0.4880615687033668,-0.4431830759472938
150,0.18,11,Computer,-2.409074830480064,-2.283664760063019,-1.9492621134697679
151,0.35,26,Computer,-0.36389599630197583,-0.409991864731208,-0.4078053804350216
152,0.4,38,Computer,0.17430896006067895,0.13649606307390355,-0.05402842531229234
153,0.29,16,Computer,-1.171203430845958,-1.268758608424955,-1.1204132471822326
154,0.56,68,Computer,1.519821350967316,1.6978901425170796,1.7957196543294038
155,0.44,57,Computer,0.6586934207870683,0.6049142869068563,0.5473923983963472
